*Energy (MeV/u)1	0 - [He-base] F.Hubert et al, AD&ND Tables 46(1990)1	Energy (MeV/u)2	1 - [H -base] J.F.Ziegler et al, Pergamon Press, NY (low energy)	Energy (MeV/u)3	2 - ATIMA 1.2  LS-theory (recommended for high energy)	Energy (MeV/u)4	3 - ATIMA 1.2  without LS-correction	Energy (MeV/u)5	4 - electrical component of [1] - J.F.Ziegler et al	Energy (MeV/u)6	5 - nuclear component of [1] - J.F.Ziegler et al	
0.001000	0.281236  	0.001000	0.238457  	0.001000	0.234545  	0.001000	0.234545  	0.001000	0.119667  	0.001000	0.11879   	
0.002000	0.307281  	0.002000	0.25064   	0.002000	0.248179  	0.002000	0.248179  	0.002000	0.159792  	0.002000	0.0908485 	
0.005000	0.372197  	0.005000	0.290906  	0.005000	0.293288  	0.005000	0.293288  	0.005000	0.234575  	0.005000	0.0563315 	
0.008000	0.423665  	0.008000	0.328048  	0.008000	0.335041  	0.008000	0.335041  	0.008000	0.285838  	0.008000	0.0422102 	
0.010000	0.453157  	0.010000	0.350514  	0.010000	0.360419  	0.010000	0.360419  	0.010000	0.314014  	0.010000	0.0364998 	
0.015000	0.527948  	0.015000	0.404033  	0.015000	0.420369  	0.015000	0.420369  	0.015000	0.37638   	0.015000	0.0276531 	
0.020000	0.587703  	0.020000	0.456311  	0.020000	0.479949  	0.020000	0.479949  	0.020000	0.433928  	0.020000	0.0223824 	
0.025000	0.653642  	0.025000	0.511872  	0.025000	0.538888  	0.025000	0.538888  	0.025000	0.492838  	0.025000	0.0190338 	
0.030000	0.709531  	0.030000	0.565787  	0.030000	0.58656   	0.030000	0.58656   	0.030000	0.549157  	0.030000	0.0166295 	
0.035000	0.755479  	0.035000	0.617711  	0.035000	0.632152  	0.035000	0.632152  	0.035000	0.602901  	0.035000	0.0148104 	
0.040000	0.791691  	0.040000	0.667371  	0.040000	0.675699  	0.040000	0.675699  	0.040000	0.65399   	0.040000	0.013381  	
0.045000	0.818552  	0.045000	0.714552  	0.045000	0.717237  	0.045000	0.717237  	0.045000	0.702327  	0.045000	0.012225  	
0.050000	0.836612  	0.050000	0.75909   	0.050000	0.756802  	0.050000	0.756802  	0.050000	0.747821  	0.050000	0.0112688 	
0.055000	0.873044  	0.055000	0.8037    	0.055000	0.794431  	0.055000	0.794431  	0.055000	0.793236  	0.055000	0.0104633 	
0.060000	0.904075  	0.060000	0.845721  	0.060000	0.830162  	0.060000	0.830162  	0.060000	0.835946  	0.060000	0.00977462	
0.070000	0.951479  	0.070000	0.921823  	0.070000	0.896103  	0.070000	0.896103  	0.070000	0.913167  	0.070000	0.00865653	
0.080000	1.00234   	0.080000	0.986967  	0.080000	0.954994  	0.080000	0.954994  	0.080000	0.979181  	0.080000	0.00778539	
0.090000	1.0423    	0.090000	1.04283   	0.090000	1.00725   	0.090000	1.00725   	0.090000	1.03574   	0.090000	0.00708573	
0.100000	1.07435   	0.100000	1.09072   	0.100000	1.05332   	0.100000	1.05332   	0.100000	1.08421   	0.100000	0.0065103 	
0.120000	1.09381   	0.120000	1.16308   	0.120000	1.12879   	0.120000	1.12879   	0.120000	1.15746   	0.120000	0.00561724	
0.140000	1.10155   	0.140000	1.20993   	0.140000	1.18512   	0.140000	1.18512   	0.140000	1.20498   	0.140000	0.00495392	
0.160000	1.10429   	0.160000	1.23717   	0.160000	1.22582   	0.160000	1.22582   	0.160000	1.23273   	0.160000	0.00444014	
0.180000	1.10406   	0.180000	1.2481    	0.180000	1.254     	0.180000	1.254     	0.180000	1.24407   	0.180000	0.00402948	
0.200000	1.10647   	0.200000	1.2523    	0.200000	1.27227   	0.200000	1.27227   	0.200000	1.24861   	0.200000	0.00369311	
0.250000	1.08628   	0.250000	1.24428   	0.250000	1.28796   	0.250000	1.28796   	0.250000	1.24122   	0.250000	0.00306728	
0.300000	1.09074   	0.300000	1.24603   	0.300000	1.27823   	0.300000	1.27823   	0.300000	1.2434    	0.300000	0.00263286	
0.350000	1.09892   	0.350000	1.24719   	0.350000	1.25643   	0.350000	1.25643   	0.350000	1.24487   	0.350000	0.0023124 	
0.400000	1.097     	0.400000	1.23641   	0.400000	1.2317    	0.400000	1.2317    	0.400000	1.23435   	0.400000	0.00206553	
0.450000	1.09095   	0.450000	1.2223    	0.450000	1.21319   	0.450000	1.21319   	0.450000	1.22043   	0.450000	0.0018691 	
0.500000	1.08789   	0.500000	1.21332   	0.500000	1.19185   	0.500000	1.19185   	0.500000	1.21161   	0.500000	0.00170882	
0.600000	1.03955   	0.600000	1.18033   	0.600000	1.14693   	0.600000	1.14693   	0.600000	1.17887   	0.600000	0.00146242	
0.700000	0.985245  	0.700000	1.14545   	0.700000	1.10057   	0.700000	1.10057   	0.700000	1.14417   	0.700000	0.00128133	
0.800000	0.964286  	0.800000	1.10846   	0.800000	1.05759   	0.800000	1.05759   	0.800000	1.10732   	0.800000	0.00114226	
0.900000	0.941132  	0.900000	1.07185   	0.900000	1.01852   	0.900000	1.01852   	0.900000	1.07082   	0.900000	0.00103188	
1.000000	0.916789  	1.000000	1.036     	1.000000	0.982766  	1.000000	0.982766  	1.000000	1.03506   	1.000000	0.000942003	
1.250000	0.84729   	1.250000	0.955475  	1.250000	0.90336   	1.250000	0.90336   	1.250000	0.954699  	1.250000	0.000776161	
1.500000	0.775732  	1.500000	0.875499  	1.500000	0.834049  	1.500000	0.834049  	1.500000	0.874837  	1.500000	0.000662161	
1.750000	0.714667  	1.750000	0.808733  	1.750000	0.776354  	1.750000	0.776354  	1.750000	0.808155  	1.750000	0.000578698	
2.000000	0.657851  	2.000000	0.747108  	2.000000	0.726843  	2.000000	0.726843  	2.000000	0.746593  	2.000000	0.000514797	
2.250000	0.610591  	2.250000	0.693299  	2.250000	0.683584  	2.250000	0.683584  	2.250000	0.692835  	2.250000	0.000464213	
2.500000	0.568649  	2.500000	0.648097  	2.500000	0.645337  	2.500000	0.645337  	2.500000	0.647674  	2.500000	0.000423117	
3.000000	0.506746  	3.000000	0.575516  	3.000000	0.580606  	3.000000	0.580606  	3.000000	0.575156  	3.000000	0.000360278	
3.500000	0.457565  	3.500000	0.518822  	3.500000	0.527866  	3.500000	0.527866  	3.500000	0.518508  	3.500000	0.000314375	
4.000000	0.417543  	4.000000	0.473153  	4.000000	0.484077  	4.000000	0.484077  	4.000000	0.472874  	4.000000	0.000279297	
4.500000	0.384321  	4.500000	0.435431  	4.500000	0.447154  	4.500000	0.447154  	4.500000	0.435179  	4.500000	0.000251571	
5.000000	0.356287  	5.000000	0.403618  	5.000000	0.415611  	5.000000	0.415611  	5.000000	0.403389  	5.000000	0.000229077	
5.500000	0.332302  	5.500000	0.376533  	5.500000	0.388356  	5.500000	0.388356  	5.500000	0.376322  	5.500000	0.000210442	
6.000000	0.311537  	6.000000	0.353038  	6.000000	0.364572  	6.000000	0.364572  	6.000000	0.352843  	6.000000	0.000194737	
6.500000	0.293378  	6.500000	0.332445  	6.500000	0.343635  	6.500000	0.343635  	6.500000	0.332264  	6.500000	0.000181314	
7.000000	0.277355  	7.000000	0.314237  	7.000000	0.325061  	7.000000	0.325061  	7.000000	0.314067  	7.000000	0.000169701	
7.500000	0.263109  	7.500000	0.298015  	7.500000	0.308469  	7.500000	0.308469  	7.500000	0.297855  	7.500000	0.00015955	
8.000000	0.250355  	8.000000	0.283466  	8.000000	0.293557  	8.000000	0.293557  	8.000000	0.283316  	8.000000	0.000150597	
8.500000	0.238867  	8.500000	0.270341  	8.500000	0.28008   	8.500000	0.28008   	8.500000	0.270198  	8.500000	0.00014264	
9.000000	0.228464  	9.000000	0.258437  	9.000000	0.267839  	9.000000	0.267839  	9.000000	0.258301  	9.000000	0.000135518	
9.500000	0.218996  	9.500000	0.24759   	9.500000	0.256669  	9.500000	0.256669  	9.500000	0.247461  	9.500000	0.000129105	
10.000000	0.21034   	10.000000	0.242275  	10.000000	0.246435  	10.000000	0.246435  	10.000000	0.242152  	10.000000	0.000123298	
11.000000	0.195077  	11.000000	0.225186  	11.000000	0.228147  	11.000000	0.228301  	11.000000	0.225072  	11.000000	0.000113184	
12.000000	0.182039  	12.000000	0.210463  	12.000000	0.212509  	12.000000	0.212764  	12.000000	0.210358  	12.000000	0.000104668	
13.000000	0.170765  	13.000000	0.197649  	13.000000	0.198989  	13.000000	0.199309  	13.000000	0.197552  	13.000000	9.73947e-05	
14.000000	0.160916  	14.000000	0.186396  	14.000000	0.187184  	14.000000	0.187547  	14.000000	0.186305  	14.000000	9.11069e-05	
15.000000	0.152233  	15.000000	0.176435  	15.000000	0.176792  	15.000000	0.177183  	15.000000	0.17635   	15.000000	8.56143e-05	
16.000000	0.144519  	16.000000	0.167555  	16.000000	0.167581  	16.000000	0.167984  	16.000000	0.167475  	16.000000	8.07731e-05	
17.000000	0.137618  	17.000000	0.159589  	17.000000	0.159364  	17.000000	0.159767  	17.000000	0.159513  	17.000000	7.64724e-05	
18.000000	0.131405  	18.000000	0.152403  	18.000000	0.151985  	18.000000	0.152387  	18.000000	0.15233   	18.000000	7.26252e-05	
19.000000	0.125781  	19.000000	0.145885  	19.000000	0.145326  	19.000000	0.145725  	19.000000	0.145816  	19.000000	6.91625e-05	
20.000000	0.120665  	20.000000	0.139947  	20.000000	0.139293  	20.000000	0.139683  	20.000000	0.139881  	20.000000	6.60284e-05	
21.000000	0.11599   	21.000000	0.134515  	21.000000	0.133805  	21.000000	0.13418   	21.000000	0.134452  	21.000000	6.31778e-05	
22.000000	0.111701  	22.000000	0.129525  	22.000000	0.128792  	22.000000	0.129151  	22.000000	0.129464  	22.000000	6.05733e-05	
23.000000	0.10775   	23.000000	0.124925  	23.000000	0.124193  	23.000000	0.124539  	23.000000	0.124867  	23.000000	5.81839e-05	
24.000000	0.104099  	24.000000	0.120671  	24.000000	0.119963  	24.000000	0.120295  	24.000000	0.120615  	24.000000	5.59837e-05	
25.000000	0.100714  	25.000000	0.116726  	25.000000	0.116062  	25.000000	0.11638   	25.000000	0.116672  	25.000000	5.39507e-05	
27.000000	0.0946327 	27.000000	0.109632  	27.000000	0.109112  	27.000000	0.109401  	27.000000	0.109581  	27.000000	5.03145e-05	
29.000000	0.0893212 	29.000000	0.103432  	29.000000	0.103122  	29.000000	0.103375  	29.000000	0.103385  	29.000000	4.71559e-05	
31.000000	0.0846397 	31.000000	0.0979665 	31.000000	0.0978092 	31.000000	0.0980161 	31.000000	0.0979221 	31.000000	4.43855e-05	
33.000000	0.0804808 	33.000000	0.09311   	33.000000	0.0930004 	33.000000	0.0931652 	33.000000	0.0930681 	33.000000	4.19349e-05	
35.000000	0.0767602 	35.000000	0.0887653 	35.000000	0.0886988 	35.000000	0.0888268 	35.000000	0.0887256 	35.000000	3.9751e-05	
38.000000	0.0718582 	38.000000	0.083042  	38.000000	0.0830312 	38.000000	0.0831124 	38.000000	0.0830052 	38.000000	3.68863e-05	
41.000000	0.0676206 	41.000000	0.0780963 	41.000000	0.0781335 	41.000000	0.0781743 	41.000000	0.0780619 	41.000000	3.44215e-05	
44.000000	0.0639187 	44.000000	0.0737782 	44.000000	0.0738448 	44.000000	0.0738619 	44.000000	0.0737459 	44.000000	3.22774e-05	
47.000000	0.0606553 	47.000000	0.0699739 	47.000000	0.0700701 	47.000000	0.0700617 	47.000000	0.0699435 	47.000000	3.03945e-05	
50.000000	0.0577556 	50.000000	0.0665959 	50.000000	0.0667148 	50.000000	0.0666861 	50.000000	0.0665672 	50.000000	2.87272e-05	
55.000000	0.0535768 	55.000000	0.0617333 	55.000000	0.0618733 	55.000000	0.0618244 	55.000000	0.0617069 	55.000000	2.63346e-05	
60.000000	0.0500471 	60.000000	0.0576318 	60.000000	0.0577851 	60.000000	0.0577208 	60.000000	0.0576075 	60.000000	2.43233e-05	
65.000000	0.0470234 	65.000000	0.054124  	65.000000	0.0542803 	65.000000	0.0542088 	65.000000	0.0541014 	65.000000	2.26079e-05	
70.000000	0.0444023 	70.000000	0.0510883 	70.000000	0.0512523 	70.000000	0.0511674 	70.000000	0.0510672 	70.000000	2.11268e-05	
75.000000	0.0421069 	75.000000	0.0484345 	75.000000	0.0485946 	75.000000	0.0485068 	75.000000	0.0484146 	75.000000	1.98346e-05	
80.000000	0.0400789 	80.000000	0.0460939 	80.000000	0.0462547 	80.000000	0.046159  	80.000000	0.0460752 	80.000000	1.86969e-05	
85.000000	0.0382731 	85.000000	0.0440138 	85.000000	0.0441681 	85.000000	0.0440713 	85.000000	0.0439961 	85.000000	1.76872e-05	
90.000000	0.0366542 	90.000000	0.0421524 	90.000000	0.0423052 	90.000000	0.0422022 	90.000000	0.0421357 	90.000000	1.67848e-05	
95.000000	0.0351941 	95.000000	0.0404767 	95.000000	0.0406219 	95.000000	0.0405188 	95.000000	0.0404608 	95.000000	1.59734e-05	
100.000000	0.0338698 	100.000000	0.03896   	100.000000	0.0390978 	100.000000	0.0389944 	100.000000	0.0389447 	100.000000	1.52395e-05	
105.000000	0.0326629 	105.000000	0.0375804 	105.000000	0.0377105 	105.000000	0.0376074 	105.000000	0.0375658 	105.000000	1.45725e-05	
110.000000	0.0315581 	110.000000	0.0363199 	110.000000	0.0364467 	110.000000	0.0363398 	110.000000	0.036306  	110.000000	1.39636e-05	
115.000000	0.0305427 	115.000000	0.0351637 	115.000000	0.0352848 	115.000000	0.0351768 	115.000000	0.0351503 	115.000000	1.34053e-05	
120.000000	0.0296059 	120.000000	0.0340993 	120.000000	0.034213  	120.000000	0.0341057 	120.000000	0.0340864 	120.000000	1.28916e-05	
125.000000	0.0287388 	125.000000	0.0331159 	125.000000	0.0332232 	125.000000	0.0331161 	125.000000	0.0331035 	125.000000	1.24172e-05	
130.000000	0.0279336 	130.000000	0.0322047 	130.000000	0.0323057 	130.000000	0.032199  	130.000000	0.0321928 	130.000000	1.19777e-05	
135.000000	0.0271838 	135.000000	0.031358  	135.000000	0.0314529 	135.000000	0.0313466 	135.000000	0.0313464 	135.000000	1.15694e-05	
140.000000	0.0264838 	140.000000	0.030569  	140.000000	0.0306582 	140.000000	0.0305523 	140.000000	0.0305578 	140.000000	1.11891e-05	
145.000000	0.0258285 	145.000000	0.029832  	145.000000	0.0299158 	145.000000	0.0298103 	145.000000	0.0298212 	145.000000	1.08338e-05	
150.000000	0.0252138 	150.000000	0.029142  	150.000000	0.0292207 	150.000000	0.0291157 	150.000000	0.0291315 	150.000000	1.05013e-05	
155.000000	0.0243482 	155.000000	0.0284947 	155.000000	0.0285686 	155.000000	0.0284639 	155.000000	0.0284845 	155.000000	1.01892e-05	
160.000000	0.0238409 	160.000000	0.0278861 	160.000000	0.0279555 	160.000000	0.0278512 	160.000000	0.0278762 	160.000000	9.8959e-06	
165.000000	0.0233625 	165.000000	0.0273129 	165.000000	0.027378  	165.000000	0.0272742 	165.000000	0.0273033 	165.000000	9.61959e-06	
170.000000	0.0229105 	170.000000	0.0267721 	170.000000	0.0268332 	170.000000	0.0267297 	170.000000	0.0267628 	170.000000	9.35885e-06	
175.000000	0.0224829 	175.000000	0.026261  	175.000000	0.0263183 	175.000000	0.0262153 	175.000000	0.0262519 	175.000000	9.11239e-06	
180.000000	0.0220776 	180.000000	0.0257772 	180.000000	0.0258309 	180.000000	0.0257283 	180.000000	0.0257683 	180.000000	8.87904e-06	
185.000000	0.021693  	185.000000	0.0253185 	185.000000	0.025369  	185.000000	0.0252668 	185.000000	0.0253099 	185.000000	8.65779e-06	
190.000000	0.0213275 	190.000000	0.0248832 	190.000000	0.0249305 	190.000000	0.0248287 	190.000000	0.0248747 	190.000000	8.44769e-06	
195.000000	0.0209796 	195.000000	0.0244693 	195.000000	0.0245137 	195.000000	0.0244123 	195.000000	0.0244611 	195.000000	8.24791e-06	
200.000000	0.0206481 	200.000000	0.0240754 	200.000000	0.0241172 	200.000000	0.0240162 	200.000000	0.0240674 	200.000000	8.05771e-06	
210.000000	0.0200299 	210.000000	0.0233421 	210.000000	0.023379  	210.000000	0.0232787 	210.000000	0.0233344 	210.000000	7.70337e-06	
220.000000	0.019465  	220.000000	0.0226733 	220.000000	0.022706  	220.000000	0.0226065 	220.000000	0.0226659 	220.000000	7.37994e-06	
230.000000	0.0189465 	230.000000	0.0220609 	230.000000	0.0220901 	230.000000	0.0219913 	230.000000	0.0220538 	230.000000	7.08349e-06	
240.000000	0.0184691 	240.000000	0.0214981 	240.000000	0.0215243 	240.000000	0.0214262 	240.000000	0.0214913 	240.000000	6.81076e-06	
250.000000	0.0180279 	250.000000	0.0209791 	250.000000	0.0210032 	250.000000	0.0209055 	250.000000	0.0209726 	250.000000	6.55896e-06	
260.000000	0.017619  	260.000000	0.0204991 	260.000000	0.0205201 	260.000000	0.0204241 	260.000000	0.0204928 	260.000000	6.32576e-06	
270.000000	0.017239  	270.000000	0.0200539 	270.000000	0.0200716 	270.000000	0.0199779 	270.000000	0.0200478 	270.000000	6.10913e-06	
280.000000	0.016885  	280.000000	0.0196398 	280.000000	0.0196565 	280.000000	0.0195632 	280.000000	0.0196339 	280.000000	5.90736e-06	
290.000000	0.0165542 	290.000000	0.0192537 	290.000000	0.0192697 	290.000000	0.0191768 	290.000000	0.019248  	290.000000	5.71895e-06	
300.000000	0.0162446 	300.000000	0.018893  	300.000000	0.0189083 	300.000000	0.018816  	300.000000	0.0188874 	300.000000	5.5426e-06	
310.000000	0.0159542 	310.000000	0.0185551 	310.000000	0.0185703 	310.000000	0.0184784 	310.000000	0.0185498 	310.000000	5.37717e-06	
320.000000	0.0156812 	320.000000	0.0182382 	320.000000	0.0182533 	320.000000	0.0181619 	320.000000	0.018233  	320.000000	5.22167e-06	
330.000000	0.0154241 	330.000000	0.0179402 	330.000000	0.0179555 	330.000000	0.0178647 	330.000000	0.0179352 	330.000000	5.07522e-06	
340.000000	0.0151817 	340.000000	0.0176597 	340.000000	0.0176755 	340.000000	0.017585  	340.000000	0.0176548 	340.000000	4.93705e-06	
350.000000	0.0149527 	350.000000	0.0173951 	350.000000	0.0174116 	350.000000	0.0173214 	350.000000	0.0173903 	350.000000	4.80646e-06	
360.000000	0.014736  	360.000000	0.0171452 	360.000000	0.0171618 	360.000000	0.0170726 	360.000000	0.0171405 	360.000000	4.68283e-06	
370.000000	0.0145307 	370.000000	0.0169087 	370.000000	0.0169245 	370.000000	0.0168369 	370.000000	0.0169042 	370.000000	4.56563e-06	
380.000000	0.014336  	380.000000	0.0166848 	380.000000	0.0167006 	380.000000	0.0166138 	380.000000	0.0166803 	380.000000	4.45435e-06	
390.000000	0.014151  	390.000000	0.0164724 	390.000000	0.016489  	390.000000	0.0164024 	390.000000	0.016468  	390.000000	4.34855e-06	
400.000000	0.0139751 	400.000000	0.0162707 	400.000000	0.0162882 	400.000000	0.0162017 	400.000000	0.0162664 	400.000000	4.24783e-06	
410.000000	0.0138076 	410.000000	0.0160789 	410.000000	0.0160972 	410.000000	0.0160112 	410.000000	0.0160747 	410.000000	4.15184e-06	
420.000000	0.013648  	420.000000	0.0158964 	420.000000	0.0159156 	420.000000	0.0158299 	420.000000	0.0158923 	420.000000	4.06024e-06	
430.000000	0.0134958 	430.000000	0.0157225 	430.000000	0.0157428 	430.000000	0.0156574 	430.000000	0.0157185 	430.000000	3.97273e-06	
440.000000	0.0133504 	440.000000	0.0155566 	440.000000	0.0155783 	440.000000	0.015493  	440.000000	0.0155528 	440.000000	3.88904e-06	
450.000000	0.0132114 	450.000000	0.0153983 	450.000000	0.0154212 	450.000000	0.0153362 	450.000000	0.0153945 	450.000000	3.80893e-06	
460.000000	0.0130785 	460.000000	0.0152471 	460.000000	0.0152706 	460.000000	0.0151865 	460.000000	0.0152434 	460.000000	3.73216e-06	
470.000000	0.0129512 	470.000000	0.0151025 	470.000000	0.0151265 	470.000000	0.0150434 	470.000000	0.0150988 	470.000000	3.65854e-06	
480.000000	0.0128293 	480.000000	0.0149641 	480.000000	0.014989  	480.000000	0.0149067 	480.000000	0.0149605 	480.000000	3.58786e-06	
490.000000	0.0127123 	490.000000	0.0148315 	490.000000	0.0148578 	490.000000	0.0147758 	490.000000	0.014828  	490.000000	3.51996e-06	
500.000000	0.0126002 	500.000000	0.0147044 	500.000000	0.0147323 	500.000000	0.0146504 	500.000000	0.014701  	500.000000	3.45466e-06	
520.000000	0.0123889 	520.000000	0.0144656 	520.000000	0.0144965 	520.000000	0.014415  	520.000000	0.0144623 	520.000000	3.33132e-06	
540.000000	0.0121937 	540.000000	0.0142453 	540.000000	0.0142793 	540.000000	0.0141982 	540.000000	0.0142421 	540.000000	3.21677e-06	
560.000000	0.0120129 	560.000000	0.0140417 	560.000000	0.0140787 	560.000000	0.013998  	560.000000	0.0140386 	560.000000	3.1101e-06	
580.000000	0.011845  	580.000000	0.0138529 	580.000000	0.0138928 	580.000000	0.0138127 	580.000000	0.0138499 	580.000000	3.0105e-06	
600.000000	0.0116889 	600.000000	0.0136777 	600.000000	0.01372   	600.000000	0.0136409 	600.000000	0.0136748 	600.000000	2.91729e-06	
620.000000	0.0115434 	620.000000	0.0135147 	620.000000	0.0135594 	620.000000	0.0134812 	620.000000	0.0135118 	620.000000	2.82986e-06	
640.000000	0.0114077 	640.000000	0.0133627 	640.000000	0.0134104 	640.000000	0.0133325 	640.000000	0.01336   	640.000000	2.7477e-06	
660.000000	0.0112808 	660.000000	0.0132209 	660.000000	0.0132715 	660.000000	0.0131939 	660.000000	0.0132182 	660.000000	2.67033e-06	
680.000000	0.011162  	680.000000	0.0130883 	680.000000	0.0131417 	680.000000	0.0130644 	680.000000	0.0130857 	680.000000	2.59734e-06	
700.000000	0.0110507 	700.000000	0.0129642 	700.000000	0.0130204 	700.000000	0.0129433 	700.000000	0.0129617 	700.000000	2.52836e-06	
720.000000	0.0109463 	720.000000	0.0128479 	720.000000	0.0129068 	720.000000	0.0128298 	720.000000	0.0128454 	720.000000	2.46307e-06	
740.000000	0.0108482 	740.000000	0.0127388 	740.000000	0.0127999 	740.000000	0.0127234 	740.000000	0.0127364 	740.000000	2.40118e-06	
760.000000	0.010756  	760.000000	0.0126362 	760.000000	0.0126991 	760.000000	0.0126234 	760.000000	0.0126339 	760.000000	2.34243e-06	
780.000000	0.0106693 	780.000000	0.0125398 	780.000000	0.0126044 	780.000000	0.0125294 	780.000000	0.0125375 	780.000000	2.28657e-06	
800.000000	0.0105876 	800.000000	0.0124491 	800.000000	0.0125155 	800.000000	0.0124409 	800.000000	0.0124469 	800.000000	2.23341e-06	
820.000000	0.0105107 	820.000000	0.0123636 	820.000000	0.012432  	820.000000	0.0123576 	820.000000	0.0123614 	820.000000	2.18274e-06	
840.000000	0.0104381 	840.000000	0.0122831 	840.000000	0.0123533 	840.000000	0.012279  	840.000000	0.0122809 	840.000000	2.13439e-06	
860.000000	0.0103696 	860.000000	0.0122071 	860.000000	0.0122789 	860.000000	0.0122048 	860.000000	0.012205  	860.000000	2.08821e-06	
880.000000	0.010305  	880.000000	0.0121353 	880.000000	0.0122086 	880.000000	0.0121347 	880.000000	0.0121333 	880.000000	2.04406e-06	
900.000000	0.010244  	900.000000	0.0120676 	900.000000	0.0121422 	900.000000	0.0120684 	900.000000	0.0120656 	900.000000	2.00179e-06	
920.000000	0.0101863 	920.000000	0.0120036 	920.000000	0.0120794 	920.000000	0.0120057 	920.000000	0.0120016 	920.000000	1.96129e-06	
940.000000	0.0101319 	940.000000	0.011943  	940.000000	0.0120199 	940.000000	0.0119464 	940.000000	0.0119411 	940.000000	1.92245e-06	
960.000000	0.0100804 	960.000000	0.0118858 	960.000000	0.0119634 	960.000000	0.0118901 	960.000000	0.0118839 	960.000000	1.88517e-06	
980.000000	0.0100317 	980.000000	0.0118316 	980.000000	0.0119096 	980.000000	0.0118368 	980.000000	0.0118298 	980.000000	1.84936e-06	
1000.000000	0.00998574	1000.000000	0.0117804 	1000.000000	0.0118585 	1000.000000	0.0117862 	1000.000000	0.0117786 	1000.000000	1.81492e-06	
1020.000000	0.00994225	1020.000000	0.0117319 	1020.000000	0.01181   	1020.000000	0.0117382 	1020.000000	0.0117301 	1020.000000	1.78179e-06	
1040.000000	0.00990113	1040.000000	0.011686  	1040.000000	0.0117641 	1040.000000	0.0116926 	1040.000000	0.0116842 	1040.000000	1.74988e-06	
1060.000000	0.00986226	1060.000000	0.0116425 	1060.000000	0.0117207 	1060.000000	0.0116493 	1060.000000	0.0116408 	1060.000000	1.71914e-06	
1080.000000	0.00982553	1080.000000	0.0116013 	1080.000000	0.0116794 	1080.000000	0.0116081 	1080.000000	0.0115996 	1080.000000	1.68949e-06	
1100.000000	0.00979081	1100.000000	0.0115623 	1100.000000	0.0116402 	1100.000000	0.011569  	1100.000000	0.0115607 	1100.000000	1.66088e-06	
1120.000000	0.00975801	1120.000000	0.0115254 	1120.000000	0.0116029 	1120.000000	0.0115317 	1120.000000	0.0115238 	1120.000000	1.63325e-06	
1140.000000	0.00972704	1140.000000	0.0114904 	1140.000000	0.0115674 	1140.000000	0.0114963 	1140.000000	0.0114888 	1140.000000	1.60656e-06	
1160.000000	0.00969781	1160.000000	0.0114573 	1160.000000	0.0115335 	1160.000000	0.0114626 	1160.000000	0.0114558 	1160.000000	1.58076e-06	
1180.000000	0.00967024	1180.000000	0.011426  	1180.000000	0.0115013 	1180.000000	0.0114305 	1180.000000	0.0114245 	1180.000000	1.5558e-06	
1200.000000	0.00964424	1200.000000	0.0113964 	1200.000000	0.0114707 	1200.000000	0.0113999 	1200.000000	0.0113949 	1200.000000	1.53164e-06	
1220.000000	0.00961974	1220.000000	0.0113684 	1220.000000	0.0114415 	1220.000000	0.0113707 	1220.000000	0.0113668 	1220.000000	1.50824e-06	
1240.000000	0.00959668	1240.000000	0.0113418 	1240.000000	0.0114137 	1240.000000	0.011343  	1240.000000	0.0113404 	1240.000000	1.48557e-06	
1260.000000	0.009575  	1260.000000	0.0113168 	1260.000000	0.0113872 	1260.000000	0.0113165 	1260.000000	0.0113153 	1260.000000	1.46359e-06	
1280.000000	0.00955463	1280.000000	0.0112931 	1280.000000	0.0113619 	1280.000000	0.0112913 	1280.000000	0.0112917 	1280.000000	1.44228e-06	
1300.000000	0.00953551	1300.000000	0.0112708 	1300.000000	0.0113377 	1300.000000	0.0112673 	1300.000000	0.0112694 	1300.000000	1.4216e-06	
1320.000000	0.0095176 	1320.000000	0.0112497 	1320.000000	0.0113146 	1320.000000	0.0112444 	1320.000000	0.0112483 	1320.000000	1.40152e-06	
1340.000000	0.00950084	1340.000000	0.0112298 	1340.000000	0.0112926 	1340.000000	0.0112225 	1340.000000	0.0112285 	1340.000000	1.38202e-06	
1360.000000	0.00948519	1360.000000	0.0112111 	1360.000000	0.0112715 	1360.000000	0.0112017 	1360.000000	0.0112098 	1360.000000	1.36307e-06	
1380.000000	0.0094706 	1380.000000	0.0111935 	1380.000000	0.0112513 	1380.000000	0.0111818 	1380.000000	0.0111922 	1380.000000	1.34466e-06	
1400.000000	0.00945703	1400.000000	0.011177  	1400.000000	0.0112321 	1400.000000	0.0111629 	1400.000000	0.0111757 	1400.000000	1.32675e-06	
1420.000000	0.00944444	1420.000000	0.0111615 	1420.000000	0.0112138 	1420.000000	0.0111448 	1420.000000	0.0111602 	1420.000000	1.30932e-06	
1440.000000	0.00943279	1440.000000	0.0111469 	1440.000000	0.0111964 	1440.000000	0.0111276 	1440.000000	0.0111456 	1440.000000	1.29236e-06	
1460.000000	0.00942204	1460.000000	0.0111333 	1460.000000	0.0111798 	1460.000000	0.0111111 	1460.000000	0.011132  	1460.000000	1.27585e-06	
1480.000000	0.00941217	1480.000000	0.0111206 	1480.000000	0.0111641 	1480.000000	0.0110955 	1480.000000	0.0111193 	1480.000000	1.25977e-06	
1500.000000	0.00940314	1500.000000	0.0111087 	1500.000000	0.0111491 	1500.000000	0.0110805 	1500.000000	0.0111075 	1500.000000	1.24411e-06	
1520.000000	0.00939492	1520.000000	0.0110977 	1520.000000	0.0111348 	1520.000000	0.0110663 	1520.000000	0.0110965 	1520.000000	1.22884e-06	
1540.000000	0.00938748	1540.000000	0.0110875 	1540.000000	0.0111212 	1540.000000	0.0110527 	1540.000000	0.0110863 	1540.000000	1.21395e-06	
1560.000000	0.00938079	1560.000000	0.011078  	1560.000000	0.0111082 	1560.000000	0.0110398 	1560.000000	0.0110768 	1560.000000	1.19943e-06	
1580.000000	0.00937482	1580.000000	0.0110693 	1580.000000	0.0110959 	1580.000000	0.0110275 	1580.000000	0.0110681 	1580.000000	1.18527e-06	
1600.000000	0.00936956	1600.000000	0.0110613 	1600.000000	0.0110842 	1600.000000	0.0110158 	1600.000000	0.0110602 	1600.000000	1.17145e-06	
1620.000000	0.00936498	1620.000000	0.011054  	1620.000000	0.011073  	1620.000000	0.0110046 	1620.000000	0.0110528 	1620.000000	1.15796e-06	
1640.000000	0.00936105	1640.000000	0.0110473 	1640.000000	0.0110623 	1640.000000	0.010994  	1640.000000	0.0110462 	1640.000000	1.14478e-06	
1660.000000	0.00935775	1660.000000	0.0110413 	1660.000000	0.0110522 	1660.000000	0.0109839 	1660.000000	0.0110402 	1660.000000	1.13191e-06	
1680.000000	0.00935507	1680.000000	0.0110359 	1680.000000	0.0110426 	1680.000000	0.0109743 	1680.000000	0.0110348 	1680.000000	1.11934e-06	
1700.000000	0.00935298	1700.000000	0.0110311 	1700.000000	0.0110334 	1700.000000	0.0109652 	1700.000000	0.01103   	1700.000000	1.10705e-06	
1750.000000	0.00935022	1750.000000	0.0110215 	1750.000000	0.0110124 	1750.000000	0.0109443 	1750.000000	0.0110204 	1750.000000	1.07751e-06	
1800.000000	0.00935078	1800.000000	0.0110152 	1800.000000	0.010994  	1800.000000	0.0109261 	1800.000000	0.0110142 	1800.000000	1.04956e-06	
1850.000000	0.00935442	1850.000000	0.0110119 	1850.000000	0.010978  	1850.000000	0.0109101 	1850.000000	0.0110109 	1850.000000	1.02306e-06	
1900.000000	0.00936091	1900.000000	0.0110114 	1900.000000	0.0109641 	1900.000000	0.0108964 	1900.000000	0.0110104 	1900.000000	9.97913e-07	
1950.000000	0.00937005	1950.000000	0.0110135 	1950.000000	0.0109521 	1950.000000	0.0108845 	1950.000000	0.0110125 	1950.000000	9.74008e-07	
2000.000000	0.00938167	2000.000000	0.0110179 	2000.000000	0.0109419 	2000.000000	0.0108744 	2000.000000	0.011017  	2000.000000	9.51258e-07	
2100.000000	0.00941171	2100.000000	0.0110333 	2100.000000	0.010926  	2100.000000	0.0108589 	2100.000000	0.0110324 	2100.000000	9.08896e-07	
2200.000000	0.0094499 	2200.000000	0.0110563 	2200.000000	0.0109156 	2200.000000	0.0108488 	2200.000000	0.0110554 	2200.000000	8.70255e-07	
2300.000000	0.0094953 	2300.000000	0.0110859 	2300.000000	0.0109097 	2300.000000	0.0108433 	2300.000000	0.0110851 	2300.000000	8.3486e-07	
2400.000000	0.00954712	2400.000000	0.0111213 	2400.000000	0.0109077 	2400.000000	0.0108416 	2400.000000	0.0111205 	2400.000000	8.02315e-07	
2500.000000	0.00960469	2500.000000	0.0111619 	2500.000000	0.0109091 	2500.000000	0.0108431 	2500.000000	0.0111611 	2500.000000	7.72286e-07	
2600.000000	0.00966746	2600.000000	0.0112069 	2600.000000	0.0109132 	2600.000000	0.0108473 	2600.000000	0.0112061 	2600.000000	7.44489e-07	
2700.000000	0.00973492	2700.000000	0.0112559 	2700.000000	0.0109198 	2700.000000	0.0108539 	2700.000000	0.0112552 	2700.000000	7.18681e-07	
2800.000000	0.00980667	2800.000000	0.0113086 	2800.000000	0.0109283 	2800.000000	0.0108625 	2800.000000	0.0113079 	2800.000000	6.94655e-07	
2900.000000	0.00988233	2900.000000	0.0113644 	2900.000000	0.0109385 	2900.000000	0.0108728 	2900.000000	0.0113637 	2900.000000	6.72231e-07	
3000.000000	0.00996159	3000.000000	0.011423  	3000.000000	0.0109502 	3000.000000	0.0108845 	3000.000000	0.0114224 	3000.000000	6.51251e-07	
3200.000000	0.0101299 	3200.000000	0.0115479 	3200.000000	0.010977  	3200.000000	0.0109115 	3200.000000	0.0115473 	3200.000000	6.13097e-07	
3400.000000	0.0103096 	3400.000000	0.0116813 	3400.000000	0.0110075 	3400.000000	0.0109421 	3400.000000	0.0116807 	3400.000000	5.79285e-07	
3600.000000	0.0104994 	3600.000000	0.0118217 	3600.000000	0.0110407 	3600.000000	0.0109754 	3600.000000	0.0118211 	3600.000000	5.49109e-07	
3800.000000	0.010698  	3800.000000	0.011968  	3800.000000	0.0110757 	3800.000000	0.0110106 	3800.000000	0.0119674 	3800.000000	5.22007e-07	
4000.000000	0.0109046 	4000.000000	0.0121192 	4000.000000	0.0111121 	4000.000000	0.0110471 	4000.000000	0.0121187 	4000.000000	4.97527e-07	
4200.000000	0.0111184 	4200.000000	0.0122747 	4200.000000	0.0111493 	4200.000000	0.0110845 	4200.000000	0.0122742 	4200.000000	4.75303e-07	
4400.000000	0.0113387 	4400.000000	0.0124337 	4400.000000	0.0111872 	4400.000000	0.0111225 	4400.000000	0.0124333 	4400.000000	4.55034e-07	
4600.000000	0.011565  	4600.000000	0.0125959 	4600.000000	0.0112253 	4600.000000	0.0111607 	4600.000000	0.0125955 	4600.000000	4.36472e-07	
4800.000000	0.011797  	4800.000000	0.0127607 	4800.000000	0.0112635 	4800.000000	0.0111991 	4800.000000	0.0127603 	4800.000000	4.19406e-07	
5000.000000	0.0120342 	5000.000000	0.0129279 	5000.000000	0.0113017 	5000.000000	0.0112373 	5000.000000	0.0129275 	5000.000000	4.03661e-07	
5250.000000	0.0123376 	5250.000000	0.0131397 	5250.000000	0.0113492 	5250.000000	0.0112849 	5250.000000	0.0131393 	5250.000000	3.85614e-07	
5500.000000	0.0126481 	5500.000000	0.0133542 	5500.000000	0.0113962 	5500.000000	0.0113321 	5500.000000	0.0133538 	5500.000000	3.69155e-07	
6000.000000	0.0132891 	6000.000000	0.0137897 	6000.000000	0.0114885 	6000.000000	0.0114245 	6000.000000	0.0137893 	6000.000000	3.40224e-07	
6500.000000	0.0139543 	6500.000000	0.0142319 	6500.000000	0.0115779 	6500.000000	0.0115141 	6500.000000	0.0142316 	6500.000000	3.15609e-07	
7000.000000	0.014642  	7000.000000	0.0146793 	7000.000000	0.0116642 	7000.000000	0.0116005 	7000.000000	0.014679  	7000.000000	2.94404e-07	
7500.000000	0.0153507 	7500.000000	0.0151304 	7500.000000	0.011747  	7500.000000	0.0116837 	7500.000000	0.0151301 	7500.000000	2.75939e-07	
8000.000000	0.0160793 	8000.000000	0.0155844 	8000.000000	0.0118269 	8000.000000	0.0117637 	8000.000000	0.0155842 	8000.000000	2.59712e-07	
8500.000000	0.016827  	8500.000000	0.0160407 	8500.000000	0.0119038 	8500.000000	0.0118406 	8500.000000	0.0160404 	8500.000000	2.45337e-07	
9000.000000	0.0175931 	9000.000000	0.0164985 	9000.000000	0.0119778 	9000.000000	0.0119146 	9000.000000	0.0164983 	9000.000000	2.32509e-07	
9500.000000	0.0183772 	9500.000000	0.0169576 	9500.000000	0.0120488 	9500.000000	0.0119857 	9500.000000	0.0169574 	9500.000000	2.20991e-07	
10000.000000	0.0191788 	10000.000000	0.0174177 	10000.000000	0.0121169 	10000.000000	0.0120542 	10000.000000	0.0174174 	10000.000000	2.1059e-07	
11000.000000	0.0208333 	11000.000000	0.0183395 	11000.000000	0.0122458 	11000.000000	0.0121838 	11000.000000	0.0183393 	11000.000000	1.9254e-07	
12000.000000	0.0225547 	12000.000000	0.0192626 	12000.000000	0.0123666 	12000.000000	0.0123045 	12000.000000	0.0192625 	12000.000000	1.77411e-07	
13000.000000	0.0243418 	13000.000000	0.0201861 	13000.000000	0.0124793 	13000.000000	0.0124173 	13000.000000	0.0201859 	13000.000000	1.64542e-07	
14000.000000	0.0261937 	14000.000000	0.0211091 	14000.000000	0.0125846 	14000.000000	0.0125231 	14000.000000	0.021109  	14000.000000	1.53458e-07	
15000.000000	0.0281097 	15000.000000	0.0220315 	15000.000000	0.0126833 	15000.000000	0.0126226 	15000.000000	0.0220313 	15000.000000	1.43809e-07	
16000.000000	0.0300896 	16000.000000	0.0229528 	16000.000000	0.0127765 	16000.000000	0.0127165 	16000.000000	0.0229526 	16000.000000	1.35331e-07	
17000.000000	0.0321331 	17000.000000	0.0238728 	17000.000000	0.0128647 	17000.000000	0.0128053 	17000.000000	0.0238727 	17000.000000	1.27821e-07	
18000.000000	0.0342402 	18000.000000	0.0247915 	18000.000000	0.0129486 	18000.000000	0.0128896 	18000.000000	0.0247914 	18000.000000	1.21121e-07	
19000.000000	0.0364106 	19000.000000	0.0257088 	19000.000000	0.0130285 	19000.000000	0.0129698 	19000.000000	0.0257087 	19000.000000	1.15106e-07	
20000.000000	0.0386447 	20000.000000	0.0266246 	20000.000000	0.0131047 	20000.000000	0.0130462 	20000.000000	0.0266245 	20000.000000	1.09674e-07	
21000.000000	0.0409423 	21000.000000	0.027539  	21000.000000	0.0131775 	21000.000000	0.0131192 	21000.000000	0.0275388 	21000.000000	1.04745e-07	
22000.000000	0.0433036 	22000.000000	0.0284518 	22000.000000	0.0132466 	22000.000000	0.013189  	22000.000000	0.0284517 	22000.000000	1.00252e-07	
23000.000000	0.0457289 	23000.000000	0.0293631 	23000.000000	0.0133129 	23000.000000	0.0132559 	23000.000000	0.029363  	23000.000000	9.6137e-08	
24000.000000	0.0482183 	24000.000000	0.0302729 	24000.000000	0.0133766 	24000.000000	0.0133202 	24000.000000	0.0302728 	24000.000000	9.23554e-08	
25000.000000	0.050772  	25000.000000	0.0311812 	25000.000000	0.0134378 	25000.000000	0.013382  	25000.000000	0.0311811 	25000.000000	8.88675e-08	
26000.000000	0.0533902 	26000.000000	0.0320881 	26000.000000	0.0134967 	26000.000000	0.0134415 	26000.000000	0.032088  	26000.000000	8.56401e-08	
27000.000000	0.0560732 	27000.000000	0.0329935 	27000.000000	0.0135536 	27000.000000	0.0134989 	27000.000000	0.0329934 	27000.000000	8.26449e-08	
28000.000000	0.0588214 	28000.000000	0.0338976 	28000.000000	0.0136084 	28000.000000	0.0135542 	28000.000000	0.0338975 	28000.000000	7.98575e-08	
29000.000000	0.0616348 	29000.000000	0.0348002 	29000.000000	0.0136613 	29000.000000	0.0136078 	29000.000000	0.0348002 	29000.000000	7.72567e-08	
30000.000000	0.0645139 	30000.000000	0.0357016 	30000.000000	0.0137124 	30000.000000	0.0136596 	30000.000000	0.0357015 	30000.000000	7.48242e-08	
32000.000000	0.0704703 	32000.000000	0.0375003 	32000.000000	0.0138098 	32000.000000	0.0137583 	32000.000000	0.0375002 	32000.000000	7.04026e-08	
34000.000000	0.0766929 	34000.000000	0.039294  	34000.000000	0.0139014 	34000.000000	0.0138513 	34000.000000	0.0392939 	34000.000000	6.64866e-08	
36000.000000	0.0831844 	36000.000000	0.0410828 	36000.000000	0.0139876 	36000.000000	0.0139392 	36000.000000	0.0410828 	36000.000000	6.29935e-08	
38000.000000	0.0899474 	38000.000000	0.0428671 	38000.000000	0.0140689 	38000.000000	0.0140224 	38000.000000	0.042867  	38000.000000	5.98579e-08	
40000.000000	0.0969848 	40000.000000	0.0446469 	40000.000000	0.0141459 	40000.000000	0.0141015 	40000.000000	0.0446469 	40000.000000	5.7027e-08	
42000.000000	0.104299  	42000.000000	0.0464226 	42000.000000	0.0142191 	42000.000000	0.0141768 	42000.000000	0.0464225 	42000.000000	5.44583e-08	
44000.000000	0.111894  	44000.000000	0.0481941 	44000.000000	0.014289  	44000.000000	0.0142487 	44000.000000	0.0481941 	44000.000000	5.21165e-08	
46000.000000	0.119771  	46000.000000	0.0499618 	46000.000000	0.0143559 	46000.000000	0.0143174 	46000.000000	0.0499618 	46000.000000	4.99727e-08	
48000.000000	0.127935  	48000.000000	0.0517258 	48000.000000	0.01442   	48000.000000	0.0143833 	48000.000000	0.0517257 	48000.000000	4.80025e-08	
50000.000000	0.136387  	50000.000000	0.0534862 	50000.000000	0.0144813 	50000.000000	0.0144465 	50000.000000	0.0534861 	50000.000000	4.61856e-08	
